Voxels_with_mass: 1033
Number_v_bins: 101.0
number_species: 10
number_mass_classes: 1

Setup_time_model_[s]: 3.61610603333
loop_time_line_emisions_[s]: 528.605767965
total_modul_time_line_emisions_[s]: 529.060561895
total_radtransfer_[s]: 763.968652964
rest_[s]: 120.274213076
total_time_of_programm_[s]: 1416.91953397
