Voxels_with_mass: 1033
Number_v_bins: 101.0
number_species: 10
number_mass_classes: 1

Setup_time_model_[s]: 3.57419109344
loop_time_line_emisions_[s]: 554.148972034
total_modul_time_line_emisions_[s]: 554.796606064
total_radtransfer_[s]: 824.658587933
rest_[s]: 120.512791872
total_time_of_programm_[s]: 1503.54217696
