Voxels_with_mass: 2993
Number_v_bins: 101.0
number_species: 10
number_mass_classes: 1

Setup_time_model_[s]: 124.118387222
loop_time_line_emisions_[s]: 1076.89991784
total_modul_time_line_emisions_[s]: 1077.38984013
total_radtransfer_[s]: 42626.836833
rest_[s]: 305.879150867
total_time_of_programm_[s]: 44134.2242112
