Voxels_with_mass: 1033
Number_v_bins: 101.0
number_species: 10
number_mass_classes: 1

Setup_time_model_[s]: 3.58051800728
loop_time_line_emisions_[s]: 519.973967791
total_modul_time_line_emisions_[s]: 520.426826
total_radtransfer_[s]: 795.246235132
rest_[s]: 117.341596842
total_time_of_programm_[s]: 1436.59517598
