Voxels_with_mass: 409
Number_v_bins: 101.0
number_species: 2
number_mass_classes: 1

Setup_time_model_[s]: 5.23668909073
loop_time_line_emisions_[s]: 51.7949540615
total_modul_time_line_emisions_[s]: 51.9327700138
total_radtransfer_[s]: 144.205366135
rest_[s]: 24.4375739098
total_time_of_programm_[s]: 225.812399149
