Voxels_with_mass: 813
Number_v_bins: 101.0
number_species: 9
number_mass_classes: 1

Setup_time_model_[s]: 2.91996502876
loop_time_line_emisions_[s]: 338.25721097
total_modul_time_line_emisions_[s]: 338.645990849
total_radtransfer_[s]: 624.798551083
rest_[s]: 76.710337162
total_time_of_programm_[s]: 1043.07484412
