Voxels_with_mass: 813
Number_v_bins: 101.0
number_species: 9
number_mass_classes: 1

Setup_time_model_[s]: 6.67138886452
loop_time_line_emisions_[s]: 2516.70535183
total_modul_time_line_emisions_[s]: 1164.2418108
total_radtransfer_[s]: 2849.36683393
rest_[s]: 1611.74230933
total_time_of_programm_[s]: 5632.02234292
