Voxels_with_mass: 1033
Number_v_bins: 101.0
number_species: 10
number_mass_classes: 1

Setup_time_model_[s]: 3.54098200798
loop_time_line_emisions_[s]: 535.23666811
total_modul_time_line_emisions_[s]: 535.78591609
total_radtransfer_[s]: 793.814685106
rest_[s]: 116.157486916
total_time_of_programm_[s]: 1449.29907012
