Voxels_with_mass: 813
Number_v_bins: 101.0
number_species: 9
number_mass_classes: 1

Setup_time_model_[s]: 2.99376916885
loop_time_line_emisions_[s]: 354.644724131
total_modul_time_line_emisions_[s]: 355.052583933
total_radtransfer_[s]: 651.572914124
rest_[s]: 78.2538678646
total_time_of_programm_[s]: 1087.87313509
