Voxels_with_mass: 813
Number_v_bins: 101.0
number_species: 9
number_mass_classes: 1

Setup_time_model_[s]: 4.83354496956
loop_time_line_emisions_[s]: 785.646192074
total_modul_time_line_emisions_[s]: 0.163045167923
total_radtransfer_[s]: 1455.32459617
rest_[s]: 909.129980803
total_time_of_programm_[s]: 2369.45116711
