Voxels_with_mass: 6604
Number_v_bins: 101.0
number_species: 10
number_mass_classes: 1

Setup_time_model_[s]: 87.1015720367
loop_time_line_emisions_[s]: 2559.95843792
total_modul_time_line_emisions_[s]: 2560.40320706
total_radtransfer_[s]: 41433.7331719
rest_[s]: 701.980355024
total_time_of_programm_[s]: 44783.2183061
