Voxels_with_mass: 813
Number_v_bins: 101.0
number_species: 9
number_mass_classes: 1

Setup_time_model_[s]: 10.0715429783
loop_time_line_emisions_[s]: 2859.87621498
total_modul_time_line_emisions_[s]: 1181.63144279
total_radtransfer_[s]: 2497.29915714
rest_[s]: 1938.69760203
total_time_of_programm_[s]: 5627.69974494
