Voxels_with_mass: 813
Number_v_bins: 101.0
number_species: 9
number_mass_classes: 1

Setup_time_model_[s]: 3.01946687698
loop_time_line_emisions_[s]: 502.073292971
total_modul_time_line_emisions_[s]: 502.648336887
total_radtransfer_[s]: 1055.77094102
rest_[s]: 122.357410192
total_time_of_programm_[s]: 1683.79615498
