Voxels_with_mass: 1033
Number_v_bins: 101.0
number_species: 10
number_mass_classes: 1

Setup_time_model_[s]: 3.52478790283
loop_time_line_emisions_[s]: 553.039556026
total_modul_time_line_emisions_[s]: 553.513911009
total_radtransfer_[s]: 791.401865959
rest_[s]: 112.941015005
total_time_of_programm_[s]: 1461.38157988
