Voxels_with_mass: 813
Number_v_bins: 101.0
number_species: 9
number_mass_classes: 1

Setup_time_model_[s]: 3.01457715034
loop_time_line_emisions_[s]: 740.638627052
total_modul_time_line_emisions_[s]: 0.143315076828
total_radtransfer_[s]: 1792.3918879
rest_[s]: 889.358927965
total_time_of_programm_[s]: 2684.9087081
