Voxels_with_mass: 813
Number_v_bins: 101.0
number_species: 9
number_mass_classes: 1

Setup_time_model_[s]: 7.92522406578
loop_time_line_emisions_[s]: 2531.33898711
total_modul_time_line_emisions_[s]: 1177.50272202
total_radtransfer_[s]: 3031.7773211
rest_[s]: 1608.79407597
total_time_of_programm_[s]: 5825.99934316
