Voxels_with_mass: 813
Number_v_bins: 101.0
number_species: 9
number_mass_classes: 1

Setup_time_model_[s]: 6.08554697037
loop_time_line_emisions_[s]: 2333.60779595
total_modul_time_line_emisions_[s]: 964.250289917
total_radtransfer_[s]: 3087.72933102
rest_[s]: 1624.58778214
total_time_of_programm_[s]: 5682.65295005
