Voxels_with_mass: 813
Number_v_bins: 101.0
number_species: 9
number_mass_classes: 1

Setup_time_model_[s]: 6.91108608246
loop_time_line_emisions_[s]: 2523.96666884
total_modul_time_line_emisions_[s]: 1184.51823306
total_radtransfer_[s]: 3061.46575189
rest_[s]: 1597.4530251
total_time_of_programm_[s]: 5850.34809613
