Voxels_with_mass: 813
Number_v_bins: 101.0
number_species: 9
number_mass_classes: 1

Setup_time_model_[s]: 2.97553801537
loop_time_line_emisions_[s]: 347.140646935
total_modul_time_line_emisions_[s]: 347.54013896
total_radtransfer_[s]: 654.812464952
rest_[s]: 78.0493311882
total_time_of_programm_[s]: 1083.37747312
