Voxels_with_mass: 1033
Number_v_bins: 101.0
number_species: 10
number_mass_classes: 1

Setup_time_model_[s]: 4.23641395569
loop_time_line_emisions_[s]: 524.840751886
total_modul_time_line_emisions_[s]: 525.314273119
total_radtransfer_[s]: 782.179458857
rest_[s]: 117.976437092
total_time_of_programm_[s]: 1429.70658302
