Voxels_with_mass: 813
Number_v_bins: 101.0
number_species: 9
number_mass_classes: 1

Setup_time_model_[s]: 2.91286611557
loop_time_line_emisions_[s]: 344.22457695
total_modul_time_line_emisions_[s]: 344.624053955
total_radtransfer_[s]: 626.369140148
rest_[s]: 78.8569629192
total_time_of_programm_[s]: 1052.76302314
