Voxels_with_mass: 409
Number_v_bins: 101.0
number_species: 8
number_mass_classes: 1

Setup_time_model_[s]: 4.14590811729
loop_time_line_emisions_[s]: 179.644345045
total_modul_time_line_emisions_[s]: 180.076648951
total_radtransfer_[s]: 544.434376955
rest_[s]: 39.9063940048
total_time_of_programm_[s]: 768.563328028
