Voxels_with_mass: 1033
Number_v_bins: 101.0
number_species: 10
number_mass_classes: 1

Setup_time_model_[s]: 3.60561299324
loop_time_line_emisions_[s]: 480.340018988
total_modul_time_line_emisions_[s]: 480.780408144
total_radtransfer_[s]: 709.470746994
rest_[s]: 107.474402905
total_time_of_programm_[s]: 1301.33117104
