Voxels_with_mass: 16461
Number_v_bins: 101.0
number_species: 10
number_mass_classes: 1

Setup_time_model_[s]: 154.649159908
loop_time_line_emisions_[s]: 6111.82581615
total_modul_time_line_emisions_[s]: 6112.30798221
total_radtransfer_[s]: 43159.0854459
rest_[s]: 1659.200279
total_time_of_programm_[s]: 51085.242867
