Voxels_with_mass: 813
Number_v_bins: 101.0
number_species: 9
number_mass_classes: 1

Setup_time_model_[s]: 2.98123693466
loop_time_line_emisions_[s]: 342.624257088
total_modul_time_line_emisions_[s]: 343.024160862
total_radtransfer_[s]: 659.52423811
rest_[s]: 79.6667160988
total_time_of_programm_[s]: 1085.19635201
