Voxels_with_mass: 1033
Number_v_bins: 101.0
number_species: 10
number_mass_classes: 1

Setup_time_model_[s]: 3.55927419662
loop_time_line_emisions_[s]: 526.461469173
total_modul_time_line_emisions_[s]: 527.024149895
total_radtransfer_[s]: 781.985022068
rest_[s]: 110.385499954
total_time_of_programm_[s]: 1422.95394611
