Voxels_with_mass: 1033
Number_v_bins: 101.0
number_species: 10
number_mass_classes: 1

Setup_time_model_[s]: 3.61573505402
loop_time_line_emisions_[s]: 564.225775003
total_modul_time_line_emisions_[s]: 564.759833097
total_radtransfer_[s]: 808.98046279
rest_[s]: 119.288747072
total_time_of_programm_[s]: 1496.64477801
