Voxels_with_mass: 813
Number_v_bins: 101.0
number_species: 9
number_mass_classes: 1

Setup_time_model_[s]: 3.89849901199
loop_time_line_emisions_[s]: 2486.91022682
total_modul_time_line_emisions_[s]: 1099.29179096
total_radtransfer_[s]: 3092.54865193
rest_[s]: 1638.65210319
total_time_of_programm_[s]: 5834.39104509
