Voxels_with_mass: 813
Number_v_bins: 101.0
number_species: 9
number_mass_classes: 1

Setup_time_model_[s]: 3.58232307434
loop_time_line_emisions_[s]: 791.59695816
total_modul_time_line_emisions_[s]: 0.149752855301
total_radtransfer_[s]: 1760.00336385
rest_[s]: 942.0243361
total_time_of_programm_[s]: 2705.75977588
