Voxels_with_mass: 1033
Number_v_bins: 101.0
number_species: 3
number_mass_classes: 1

Setup_time_model_[s]: 3.50455999374
loop_time_line_emisions_[s]: 152.773102045
total_modul_time_line_emisions_[s]: 154.42889595
total_radtransfer_[s]: 210.055379868
rest_[s]: 32.9135963917
total_time_of_programm_[s]: 400.902432203
