Voxels_with_mass: 1033
Number_v_bins: 101.0
number_species: 3
number_mass_classes: 1

Setup_time_model_[s]: 3.45519804955
loop_time_line_emisions_[s]: 152.352763891
total_modul_time_line_emisions_[s]: 152.498513937
total_radtransfer_[s]: 209.299402952
rest_[s]: 32.4545431137
total_time_of_programm_[s]: 397.707658052
