Voxels_with_mass: 1033
Number_v_bins: 101.0
number_species: 10
number_mass_classes: 1

Setup_time_model_[s]: 3.53126788139
loop_time_line_emisions_[s]: 517.020019054
total_modul_time_line_emisions_[s]: 517.468297005
total_radtransfer_[s]: 760.708660841
rest_[s]: 110.578243256
total_time_of_programm_[s]: 1392.28646898
