Voxels_with_mass: 1033
Number_v_bins: 101.0
number_species: 10
number_mass_classes: 1

Setup_time_model_[s]: 3.55690193176
loop_time_line_emisions_[s]: 520.446259022
total_modul_time_line_emisions_[s]: 520.898715973
total_radtransfer_[s]: 829.533267021
rest_[s]: 115.252723217
total_time_of_programm_[s]: 1469.24160814
