Voxels_with_mass: 1033
Number_v_bins: 101.0
number_species: 10
number_mass_classes: 1

Setup_time_model_[s]: 3.56853103638
loop_time_line_emisions_[s]: 537.320818901
total_modul_time_line_emisions_[s]: 537.767042875
total_radtransfer_[s]: 786.751229048
rest_[s]: 119.047676086
total_time_of_programm_[s]: 1447.13447905
