Voxels_with_mass: 813
Number_v_bins: 101.0
number_species: 9
number_mass_classes: 1

Setup_time_model_[s]: 3.017111063
loop_time_line_emisions_[s]: 701.595969915
total_modul_time_line_emisions_[s]: 0.128448963165
total_radtransfer_[s]: 1499.71992111
rest_[s]: 826.896851778
total_time_of_programm_[s]: 2329.76233292
