Voxels_with_mass: 813
Number_v_bins: 101.0
number_species: 9
number_mass_classes: 1

Setup_time_model_[s]: 2.91921401024
loop_time_line_emisions_[s]: 333.792241812
total_modul_time_line_emisions_[s]: 334.178212881
total_radtransfer_[s]: 628.843296051
rest_[s]: 77.9998831749
total_time_of_programm_[s]: 1043.94060612
