Voxels_with_mass: 813
Number_v_bins: 101.0
number_species: 9
number_mass_classes: 1

Setup_time_model_[s]: 2.96733903885
loop_time_line_emisions_[s]: 342.922492027
total_modul_time_line_emisions_[s]: 343.322512865
total_radtransfer_[s]: 624.301542997
rest_[s]: 80.1032972336
total_time_of_programm_[s]: 1050.69469213
