Voxels_with_mass: 813
Number_v_bins: 101.0
number_species: 9
number_mass_classes: 1

Setup_time_model_[s]: 4.95775699615
loop_time_line_emisions_[s]: 880.260900974
total_modul_time_line_emisions_[s]: 0.160891056061
total_radtransfer_[s]: 1774.04256201
rest_[s]: 1034.53949308
total_time_of_programm_[s]: 2813.70070314
