Voxels_with_mass: 813
Number_v_bins: 101.0
number_species: 9
number_mass_classes: 1

Setup_time_model_[s]: 7.03161406517
loop_time_line_emisions_[s]: 2281.04146099
total_modul_time_line_emisions_[s]: 948.113826036
total_radtransfer_[s]: 3065.15844607
rest_[s]: 1585.56197786
total_time_of_programm_[s]: 5605.86586404
