Voxels_with_mass: 1033
Number_v_bins: 101.0
number_species: 10
number_mass_classes: 1

Setup_time_model_[s]: 3.88460111618
loop_time_line_emisions_[s]: 500.27192688
total_modul_time_line_emisions_[s]: 500.791022062
total_radtransfer_[s]: 752.824738026
rest_[s]: 117.225560904
total_time_of_programm_[s]: 1374.72592211
