Voxels_with_mass: 813
Number_v_bins: 101.0
number_species: 9
number_mass_classes: 1

Setup_time_model_[s]: 3.00016999245
loop_time_line_emisions_[s]: 341.54536891
total_modul_time_line_emisions_[s]: 341.938966036
total_radtransfer_[s]: 647.450922012
rest_[s]: 79.0501821041
total_time_of_programm_[s]: 1071.44024014
