Voxels_with_mass: 813
Number_v_bins: 101.0
number_species: 9
number_mass_classes: 1

Setup_time_model_[s]: 4.00013685226
loop_time_line_emisions_[s]: 620.406672001
total_modul_time_line_emisions_[s]: 0.196609973907
total_radtransfer_[s]: 1476.72400594
rest_[s]: 740.712580204
total_time_of_programm_[s]: 2221.63333297
