Voxels_with_mass: 6611
Number_v_bins: 101.0
number_species: 2
number_mass_classes: 1

Setup_time_model_[s]: 79.2688169479
loop_time_line_emisions_[s]: 568.570705891
total_modul_time_line_emisions_[s]: 568.704509974
total_radtransfer_[s]: 8034.12383294
rest_[s]: 142.743736982
total_time_of_programm_[s]: 8824.84089684
