Voxels_with_mass: 1033
Number_v_bins: 101.0
number_species: 10
number_mass_classes: 1

Setup_time_model_[s]: 3.50818490982
loop_time_line_emisions_[s]: 519.351602077
total_modul_time_line_emisions_[s]: 519.801239014
total_radtransfer_[s]: 801.366830111
rest_[s]: 118.96873498
total_time_of_programm_[s]: 1443.64498901
