Voxels_with_mass: 813
Number_v_bins: 101.0
number_species: 9
number_mass_classes: 1

Setup_time_model_[s]: 3.10132884979
loop_time_line_emisions_[s]: 2448.04669785
total_modul_time_line_emisions_[s]: 1006.88762593
total_radtransfer_[s]: 3172.95407009
rest_[s]: 1703.95244312
total_time_of_programm_[s]: 5886.895468
