Voxels_with_mass: 1033
Number_v_bins: 101.0
number_species: 10
number_mass_classes: 1

Setup_time_model_[s]: 4.17526006699
loop_time_line_emisions_[s]: 548.244656086
total_modul_time_line_emisions_[s]: 548.708310127
total_radtransfer_[s]: 790.307990074
rest_[s]: 127.832277775
total_time_of_programm_[s]: 1471.02383804
