Voxels_with_mass: 1033
Number_v_bins: 101.0
number_species: 10
number_mass_classes: 1

Setup_time_model_[s]: 3.6090118885
loop_time_line_emisions_[s]: 544.081815004
total_modul_time_line_emisions_[s]: 544.525890827
total_radtransfer_[s]: 794.328099966
rest_[s]: 113.493583202
total_time_of_programm_[s]: 1455.95658588
