Voxels_with_mass: 1033
Number_v_bins: 101.0
number_species: 10
number_mass_classes: 1

Setup_time_model_[s]: 3.58694005013
loop_time_line_emisions_[s]: 534.401653051
total_modul_time_line_emisions_[s]: 534.854173183
total_radtransfer_[s]: 800.381614923
rest_[s]: 113.328718901
total_time_of_programm_[s]: 1452.15144706
