Voxels_with_mass: 813
Number_v_bins: 101.0
number_species: 9
number_mass_classes: 1

Setup_time_model_[s]: 4.18528699875
loop_time_line_emisions_[s]: 654.432225943
total_modul_time_line_emisions_[s]: 0.112927913666
total_radtransfer_[s]: 1242.32594585
rest_[s]: 760.199710369
total_time_of_programm_[s]: 2006.82387114
