Voxels_with_mass: 1033
Number_v_bins: 101.0
number_species: 10
number_mass_classes: 1

Setup_time_model_[s]: 3.55209088326
loop_time_line_emisions_[s]: 519.432347775
total_modul_time_line_emisions_[s]: 519.881493807
total_radtransfer_[s]: 751.744051933
rest_[s]: 115.84322834
total_time_of_programm_[s]: 1391.02086496
