Voxels_with_mass: 813
Number_v_bins: 101.0
number_species: 9
number_mass_classes: 1

Setup_time_model_[s]: 3.05225682259
loop_time_line_emisions_[s]: 628.883694887
total_modul_time_line_emisions_[s]: 0.0924229621887
total_radtransfer_[s]: 1495.78784609
rest_[s]: 756.322896004
total_time_of_programm_[s]: 2255.25542188
