Voxels_with_mass: 813
Number_v_bins: 101.0
number_species: 9
number_mass_classes: 1

Setup_time_model_[s]: 4.18234109879
loop_time_line_emisions_[s]: 2301.2767508
total_modul_time_line_emisions_[s]: 895.863777161
total_radtransfer_[s]: 3125.4314611
rest_[s]: 1655.94072676
total_time_of_programm_[s]: 5681.41830611
