Voxels_with_mass: 1033
Number_v_bins: 101.0
number_species: 10
number_mass_classes: 1

Setup_time_model_[s]: 3.49857211113
loop_time_line_emisions_[s]: 548.524626017
total_modul_time_line_emisions_[s]: 549.109842062
total_radtransfer_[s]: 794.792837143
rest_[s]: 116.126866579
total_time_of_programm_[s]: 1463.5281179
