Voxels_with_mass: 813
Number_v_bins: 101.0
number_species: 9
number_mass_classes: 1

Setup_time_model_[s]: 5.62025809288
loop_time_line_emisions_[s]: 560.522657156
total_modul_time_line_emisions_[s]: 0.187806129456
total_radtransfer_[s]: 1258.52915478
rest_[s]: 663.660650969
total_time_of_programm_[s]: 1927.99786997
