Voxels_with_mass: 813
Number_v_bins: 101.0
number_species: 9
number_mass_classes: 1

Setup_time_model_[s]: 3.02004408836
loop_time_line_emisions_[s]: 604.848963976
total_modul_time_line_emisions_[s]: 0.134281873703
total_radtransfer_[s]: 1476.9069581
rest_[s]: 725.102092028
total_time_of_programm_[s]: 2205.16337609
