Voxels_with_mass: 813
Number_v_bins: 101.0
number_species: 9
number_mass_classes: 1

Setup_time_model_[s]: 5.14040899277
loop_time_line_emisions_[s]: 763.808369875
total_modul_time_line_emisions_[s]: 0.197837114334
total_radtransfer_[s]: 1769.38679695
rest_[s]: 3011.45067
total_time_of_programm_[s]: 4786.17571306
