Voxels_with_mass: 1033
Number_v_bins: 101.0
number_species: 10
number_mass_classes: 1

Setup_time_model_[s]: 3.61714100838
loop_time_line_emisions_[s]: 529.789079905
total_modul_time_line_emisions_[s]: 530.236288071
total_radtransfer_[s]: 758.473675013
rest_[s]: 111.612935066
total_time_of_programm_[s]: 1403.94003916
