Voxels_with_mass: 1033
Number_v_bins: 101.0
number_species: 10
number_mass_classes: 1

Setup_time_model_[s]: 4.4295759201
loop_time_line_emisions_[s]: 515.601023912
total_modul_time_line_emisions_[s]: 516.062138081
total_radtransfer_[s]: 776.060411215
rest_[s]: 115.831737757
total_time_of_programm_[s]: 1412.38386297
