Voxels_with_mass: 1033
Number_v_bins: 101.0
number_species: 10
number_mass_classes: 1

Setup_time_model_[s]: 3.57875800133
loop_time_line_emisions_[s]: 526.262871981
total_modul_time_line_emisions_[s]: 526.716344833
total_radtransfer_[s]: 794.818020821
rest_[s]: 115.173316479
total_time_of_programm_[s]: 1440.28644013
