Voxels_with_mass: 813
Number_v_bins: 101.0
number_species: 9
number_mass_classes: 1

Setup_time_model_[s]: 3.03146696091
loop_time_line_emisions_[s]: 351.868388176
total_modul_time_line_emisions_[s]: 352.274548054
total_radtransfer_[s]: 652.498605013
rest_[s]: 79.5771780014
total_time_of_programm_[s]: 1087.38179803
