Voxels_with_mass: 813
Number_v_bins: 101.0
number_species: 9
number_mass_classes: 1

Setup_time_model_[s]: 3.07760214806
loop_time_line_emisions_[s]: 685.191221952
total_modul_time_line_emisions_[s]: 0.129136800766
total_radtransfer_[s]: 1838.48976088
rest_[s]: 839.70585537
total_time_of_programm_[s]: 2681.40235519
