Voxels_with_mass: 1033
Number_v_bins: 101.0
number_species: 10
number_mass_classes: 1

Setup_time_model_[s]: 3.61301398277
loop_time_line_emisions_[s]: 530.386172056
total_modul_time_line_emisions_[s]: 530.839815855
total_radtransfer_[s]: 786.365007877
rest_[s]: 115.672483206
total_time_of_programm_[s]: 1436.49032092
