Voxels_with_mass: 813
Number_v_bins: 101.0
number_species: 9
number_mass_classes: 1

Setup_time_model_[s]: 2.9186861515
loop_time_line_emisions_[s]: 333.923985958
total_modul_time_line_emisions_[s]: 334.314017057
total_radtransfer_[s]: 624.466201067
rest_[s]: 77.7897846699
total_time_of_programm_[s]: 1039.48868895
