Voxels_with_mass: 1033
Number_v_bins: 101.0
number_species: 10
number_mass_classes: 1

Setup_time_model_[s]: 3.56381392479
loop_time_line_emisions_[s]: 506.285451174
total_modul_time_line_emisions_[s]: 506.84657383
total_radtransfer_[s]: 768.822210073
rest_[s]: 115.508618116
total_time_of_programm_[s]: 1394.74121594
