Voxels_with_mass: 813
Number_v_bins: 101.0
number_species: 9
number_mass_classes: 1

Setup_time_model_[s]: 3.05286192894
loop_time_line_emisions_[s]: 350.346041918
total_modul_time_line_emisions_[s]: 350.749336004
total_radtransfer_[s]: 644.23565793
rest_[s]: 80.2171421051
total_time_of_programm_[s]: 1078.25499797
