Voxels_with_mass: 1033
Number_v_bins: 101.0
number_species: 10
number_mass_classes: 1

Setup_time_model_[s]: 3.50177812576
loop_time_line_emisions_[s]: 541.332489967
total_modul_time_line_emisions_[s]: 541.781536102
total_radtransfer_[s]: 778.682008028
rest_[s]: 118.653298855
total_time_of_programm_[s]: 1442.61862111
