Voxels_with_mass: 1033
Number_v_bins: 101.0
number_species: 10
number_mass_classes: 1

Setup_time_model_[s]: 3.6211400032
loop_time_line_emisions_[s]: 524.060940027
total_modul_time_line_emisions_[s]: 524.527323008
total_radtransfer_[s]: 769.126142025
rest_[s]: 116.145313025
total_time_of_programm_[s]: 1413.41991806
