Voxels_with_mass: 813
Number_v_bins: 101.0
number_species: 9
number_mass_classes: 1

Setup_time_model_[s]: 3.06518888474
loop_time_line_emisions_[s]: 537.372632027
total_modul_time_line_emisions_[s]: 538.138417006
total_radtransfer_[s]: 1075.571172
rest_[s]: 118.787860155
total_time_of_programm_[s]: 1735.56263804
