Voxels_with_mass: 1033
Number_v_bins: 101.0
number_species: 10
number_mass_classes: 1

Setup_time_model_[s]: 3.46592998505
loop_time_line_emisions_[s]: 511.429720163
total_modul_time_line_emisions_[s]: 511.88282299
total_radtransfer_[s]: 764.126217127
rest_[s]: 121.584503889
total_time_of_programm_[s]: 1401.05947399
