Voxels_with_mass: 813
Number_v_bins: 101.0
number_species: 9
number_mass_classes: 1

Setup_time_model_[s]: 3.08358812332
loop_time_line_emisions_[s]: 2490.76876402
total_modul_time_line_emisions_[s]: 955.218564034
total_radtransfer_[s]: 3151.55267286
rest_[s]: 1789.04368806
total_time_of_programm_[s]: 5898.89851308
