Voxels_with_mass: 1033
Number_v_bins: 101.0
number_species: 10
number_mass_classes: 1

Setup_time_model_[s]: 4.20668506622
loop_time_line_emisions_[s]: 545.361680984
total_modul_time_line_emisions_[s]: 545.823642969
total_radtransfer_[s]: 767.295257807
rest_[s]: 112.291683197
total_time_of_programm_[s]: 1429.61726904
