Voxels_with_mass: 1033
Number_v_bins: 101.0
number_species: 10
number_mass_classes: 1

Setup_time_model_[s]: 3.53954005241
loop_time_line_emisions_[s]: 509.259303093
total_modul_time_line_emisions_[s]: 509.707105875
total_radtransfer_[s]: 714.022493839
rest_[s]: 110.312772274
total_time_of_programm_[s]: 1337.58191204
