Voxels_with_mass: 813
Number_v_bins: 101.0
number_species: 9
number_mass_classes: 1

Setup_time_model_[s]: 4.8782889843
loop_time_line_emisions_[s]: 584.154790878
total_modul_time_line_emisions_[s]: 584.693131924
total_radtransfer_[s]: 995.207624197
rest_[s]: 124.408867836
total_time_of_programm_[s]: 1709.18791294
