Voxels_with_mass: 813
Number_v_bins: 101.0
number_species: 9
number_mass_classes: 1

Setup_time_model_[s]: 4.85406517982
loop_time_line_emisions_[s]: 2528.6959331
total_modul_time_line_emisions_[s]: 1198.46911502
total_radtransfer_[s]: 3105.99841595
rest_[s]: 1580.09887195
total_time_of_programm_[s]: 5889.42046809
