Voxels_with_mass: 409
Number_v_bins: 101.0
number_species: 2
number_mass_classes: 1

Setup_time_model_[s]: 4.91246700287
loop_time_line_emisions_[s]: 51.9466199875
total_modul_time_line_emisions_[s]: 52.0816881657
total_radtransfer_[s]: 148.069362879
rest_[s]: 12.6155240536
total_time_of_programm_[s]: 217.679042101
