Voxels_with_mass: 813
Number_v_bins: 101.0
number_species: 9
number_mass_classes: 1

Setup_time_model_[s]: 9.62852191925
loop_time_line_emisions_[s]: 2775.17986298
total_modul_time_line_emisions_[s]: 1232.87743211
total_radtransfer_[s]: 2584.58932209
rest_[s]: 1800.12515569
total_time_of_programm_[s]: 5627.2204318
