Voxels_with_mass: 813
Number_v_bins: 101.0
number_species: 9
number_mass_classes: 1

Setup_time_model_[s]: 3.02732896805
loop_time_line_emisions_[s]: 576.075750113
total_modul_time_line_emisions_[s]: 0.129575014114
total_radtransfer_[s]: 1466.15770006
rest_[s]: 702.131884813
total_time_of_programm_[s]: 2171.44648886
