Voxels_with_mass: 1033
Number_v_bins: 101.0
number_species: 3
number_mass_classes: 1

Setup_time_model_[s]: 3.45876288414
loop_time_line_emisions_[s]: 154.331518888
total_modul_time_line_emisions_[s]: 155.822582006
total_radtransfer_[s]: 217.371787071
rest_[s]: 33.4425959587
total_time_of_programm_[s]: 410.095727921
