Voxels_with_mass: 1033
Number_v_bins: 101.0
number_species: 10
number_mass_classes: 1

Setup_time_model_[s]: 3.48452997208
loop_time_line_emisions_[s]: 549.859331846
total_modul_time_line_emisions_[s]: 550.319783926
total_radtransfer_[s]: 829.301779032
rest_[s]: 122.788818121
total_time_of_programm_[s]: 1505.89491105
