Voxels_with_mass: 813
Number_v_bins: 101.0
number_species: 9
number_mass_classes: 1

Setup_time_model_[s]: 3.68949484825
loop_time_line_emisions_[s]: 2298.14291596
total_modul_time_line_emisions_[s]: 801.015425205
total_radtransfer_[s]: 3149.25756598
rest_[s]: 1756.59089494
total_time_of_programm_[s]: 5710.55338097
