Voxels_with_mass: 813
Number_v_bins: 101.0
number_species: 9
number_mass_classes: 1

Setup_time_model_[s]: 3.9239461422
loop_time_line_emisions_[s]: 511.003607988
total_modul_time_line_emisions_[s]: 0.181243896484
total_radtransfer_[s]: 1204.96694398
rest_[s]: 612.0645082
total_time_of_programm_[s]: 1821.13664222
