Voxels_with_mass: 813
Number_v_bins: 101.0
number_species: 9
number_mass_classes: 1

Setup_time_model_[s]: 4.0198738575
loop_time_line_emisions_[s]: 2448.0775969
total_modul_time_line_emisions_[s]: 1086.67312002
total_radtransfer_[s]: 3123.59906507
rest_[s]: 1622.300524
total_time_of_programm_[s]: 5836.59258294
