Voxels_with_mass: 813
Number_v_bins: 101.0
number_species: 9
number_mass_classes: 1

Setup_time_model_[s]: 2.98539686203
loop_time_line_emisions_[s]: 335.644402981
total_modul_time_line_emisions_[s]: 336.032407999
total_radtransfer_[s]: 635.551062107
rest_[s]: 76.6746330261
total_time_of_programm_[s]: 1051.24349999
