Voxels_with_mass: 1033
Number_v_bins: 101.0
number_species: 10
number_mass_classes: 1

Setup_time_model_[s]: 3.56309294701
loop_time_line_emisions_[s]: 508.997036934
total_modul_time_line_emisions_[s]: 509.452480078
total_radtransfer_[s]: 747.207114935
rest_[s]: 120.442801952
total_time_of_programm_[s]: 1380.66548991
