Voxels_with_mass: 1033
Number_v_bins: 101.0
number_species: 10
number_mass_classes: 1

Setup_time_model_[s]: 4.45538878441
loop_time_line_emisions_[s]: 520.371984959
total_modul_time_line_emisions_[s]: 520.837249994
total_radtransfer_[s]: 789.791005135
rest_[s]: 114.293433905
total_time_of_programm_[s]: 1429.37707782
