Voxels_with_mass: 1033
Number_v_bins: 101.0
number_species: 10
number_mass_classes: 1

Setup_time_model_[s]: 3.59604096413
loop_time_line_emisions_[s]: 529.777859926
total_modul_time_line_emisions_[s]: 530.328778982
total_radtransfer_[s]: 765.140081167
rest_[s]: 118.720283031
total_time_of_programm_[s]: 1417.78518414
