Voxels_with_mass: 813
Number_v_bins: 101.0
number_species: 9
number_mass_classes: 1

Setup_time_model_[s]: 5.83134007454
loop_time_line_emisions_[s]: 2480.52971983
total_modul_time_line_emisions_[s]: 1137.58039188
total_radtransfer_[s]: 2858.46585298
rest_[s]: 1599.78471303
total_time_of_programm_[s]: 5601.66229796
