Voxels_with_mass: 1033
Number_v_bins: 101.0
number_species: 10
number_mass_classes: 1

Setup_time_model_[s]: 4.14226913452
loop_time_line_emisions_[s]: 523.431585073
total_modul_time_line_emisions_[s]: 523.894316196
total_radtransfer_[s]: 783.472015858
rest_[s]: 112.910684824
total_time_of_programm_[s]: 1424.41928601
