Voxels_with_mass: 813
Number_v_bins: 101.0
number_species: 9
number_mass_classes: 1

Setup_time_model_[s]: 6.36959385872
loop_time_line_emisions_[s]: 2476.82666898
total_modul_time_line_emisions_[s]: 1126.62539792
total_radtransfer_[s]: 3087.64359212
rest_[s]: 1608.97916198
total_time_of_programm_[s]: 5829.61774588
