Voxels_with_mass: 1033
Number_v_bins: 101.0
number_species: 10
number_mass_classes: 1

Setup_time_model_[s]: 4.50128698349
loop_time_line_emisions_[s]: 547.18934679
total_modul_time_line_emisions_[s]: 547.662569046
total_radtransfer_[s]: 809.292863846
rest_[s]: 118.561991215
total_time_of_programm_[s]: 1480.01871109
