Voxels_with_mass: 1033
Number_v_bins: 101.0
number_species: 10
number_mass_classes: 1

Setup_time_model_[s]: 3.63892507553
loop_time_line_emisions_[s]: 523.946705818
total_modul_time_line_emisions_[s]: 524.49355197
total_radtransfer_[s]: 783.452826023
rest_[s]: 118.638495922
total_time_of_programm_[s]: 1430.22379899
