Voxels_with_mass: 813
Number_v_bins: 101.0
number_species: 9
number_mass_classes: 1

Setup_time_model_[s]: 2.90405702591
loop_time_line_emisions_[s]: 330.645530939
total_modul_time_line_emisions_[s]: 331.093375921
total_radtransfer_[s]: 639.670935869
rest_[s]: 76.5957372189
total_time_of_programm_[s]: 1050.26410604
