Voxels_with_mass: 1033
Number_v_bins: 101.0
number_species: 10
number_mass_classes: 1

Setup_time_model_[s]: 4.29850006104
loop_time_line_emisions_[s]: 525.707222939
total_modul_time_line_emisions_[s]: 526.253334045
total_radtransfer_[s]: 781.871649981
rest_[s]: 118.124253988
total_time_of_programm_[s]: 1430.54773808
