Voxels_with_mass: 1033
Number_v_bins: 101.0
number_species: 10
number_mass_classes: 1

Setup_time_model_[s]: 3.53438210487
loop_time_line_emisions_[s]: 512.803260088
total_modul_time_line_emisions_[s]: 513.32960701
total_radtransfer_[s]: 763.829988956
rest_[s]: 108.483407021
total_time_of_programm_[s]: 1389.17738509
