Voxels_with_mass: 409
Number_v_bins: 101.0
number_species: 2
number_mass_classes: 1

Setup_time_model_[s]: 4.36102700233
loop_time_line_emisions_[s]: 51.2376079559
total_modul_time_line_emisions_[s]: 51.3710010052
total_radtransfer_[s]: 144.034740925
rest_[s]: 12.7418940067
total_time_of_programm_[s]: 212.508662939
