Voxels_with_mass: 1033
Number_v_bins: 101.0
number_species: 10
number_mass_classes: 1

Setup_time_model_[s]: 4.10316491127
loop_time_line_emisions_[s]: 549.216734886
total_modul_time_line_emisions_[s]: 549.683577061
total_radtransfer_[s]: 775.577033043
rest_[s]: 117.836406946
total_time_of_programm_[s]: 1447.20018196
