Voxels_with_mass: 813
Number_v_bins: 101.0
number_species: 9
number_mass_classes: 1

Setup_time_model_[s]: 3.00208306313
loop_time_line_emisions_[s]: 348.824175835
total_modul_time_line_emisions_[s]: 349.223386049
total_radtransfer_[s]: 643.577804804
rest_[s]: 78.1320271492
total_time_of_programm_[s]: 1073.93530107
