Voxels_with_mass: 813
Number_v_bins: 101.0
number_species: 9
number_mass_classes: 1

Setup_time_model_[s]: 5.99698996544
loop_time_line_emisions_[s]: 2267.73686981
total_modul_time_line_emisions_[s]: 889.781607151
total_radtransfer_[s]: 3111.65055704
rest_[s]: 1645.81723285
total_time_of_programm_[s]: 5653.246387
