Voxels_with_mass: 409
Number_v_bins: 101.0
number_species: 3
number_mass_classes: 1

Setup_time_model_[s]: 1.99018788338
loop_time_line_emisions_[s]: 72.9788060188
total_modul_time_line_emisions_[s]: 73.1336810589
total_radtransfer_[s]: 206.667226076
rest_[s]: 13.1427400112
total_time_of_programm_[s]: 294.93383503
