Voxels_with_mass: 1033
Number_v_bins: 101.0
number_species: 10
number_mass_classes: 1

Setup_time_model_[s]: 3.60611104965
loop_time_line_emisions_[s]: 506.927118063
total_modul_time_line_emisions_[s]: 507.376349211
total_radtransfer_[s]: 782.064123869
rest_[s]: 121.20936203
total_time_of_programm_[s]: 1414.25594616
