Voxels_with_mass: 813
Number_v_bins: 101.0
number_species: 9
number_mass_classes: 1

Setup_time_model_[s]: 8.25681805611
loop_time_line_emisions_[s]: 2566.67371798
total_modul_time_line_emisions_[s]: 1178.84554791
total_radtransfer_[s]: 2792.52627993
rest_[s]: 1642.47763228
total_time_of_programm_[s]: 5622.10627818
