Voxels_with_mass: 184
Number_v_bins: 101.0
number_species: 2
number_mass_classes: 1

Setup_time_model_[s]: 7.47624588013
loop_time_line_emisions_[s]: 17.9744861126
total_modul_time_line_emisions_[s]: 18.1021912098
total_radtransfer_[s]: 141.236592054
rest_[s]: 9.06136989594
total_time_of_programm_[s]: 175.87639904
