Voxels_with_mass: 1033
Number_v_bins: 101.0
number_species: 10
number_mass_classes: 1

Setup_time_model_[s]: 3.56955504417
loop_time_line_emisions_[s]: 518.940071106
total_modul_time_line_emisions_[s]: 519.390929937
total_radtransfer_[s]: 783.803212881
rest_[s]: 117.142189026
total_time_of_programm_[s]: 1423.90588689
