Voxels_with_mass: 1033
Number_v_bins: 101.0
number_species: 10
number_mass_classes: 1

Setup_time_model_[s]: 3.52124810219
loop_time_line_emisions_[s]: 482.181726933
total_modul_time_line_emisions_[s]: 482.625985861
total_radtransfer_[s]: 735.578750134
rest_[s]: 109.770036936
total_time_of_programm_[s]: 1331.49602103
