Voxels_with_mass: 813
Number_v_bins: 101.0
number_species: 9
number_mass_classes: 1

Setup_time_model_[s]: 5.28613185883
loop_time_line_emisions_[s]: 623.030982971
total_modul_time_line_emisions_[s]: 0.199041128159
total_radtransfer_[s]: 1448.55778098
rest_[s]: 748.60205102
total_time_of_programm_[s]: 2202.64500499
