Voxels_with_mass: 813
Number_v_bins: 101.0
number_species: 9
number_mass_classes: 1

Setup_time_model_[s]: 3.93727898598
loop_time_line_emisions_[s]: 2444.750741
total_modul_time_line_emisions_[s]: 787.873585224
total_radtransfer_[s]: 3091.38391709
rest_[s]: 1917.21859074
total_time_of_programm_[s]: 5800.41337204
