Voxels_with_mass: 184
Number_v_bins: 101
number_species: 1
number_mass_classes: 5

Setup_time_model_[s]: 3.29181599617
loop_time_line_emisions_[s]: 489.217994928
total_modul_time_line_emisions_[s]: 466.12072897
total_radtransfer_[s]: 90.0925340652
rest_[s]: 27.7381818295
total_time_of_programm_[s]: 587.24326086
