Voxels_with_mass: 772
Number_v_bins: 101
number_species: 7
number_mass_classes: 3

Setup_time_model_[s]: 10.5525829792
loop_time_line_emisions_[s]: 5443.38610101
total_modul_time_line_emisions_[s]: 5448.86957717
total_radtransfer_[s]: 768.043977976
rest_[s]: 189.881851912
total_time_of_programm_[s]: 6417.34799004
