Voxels_with_mass: 409
Number_v_bins: 101.0
number_species: 2
number_mass_classes: 2

Setup_time_model_[s]: 17.5126538277
loop_time_line_emisions_[s]: 137.115199089
total_modul_time_line_emisions_[s]: 137.456708908
total_radtransfer_[s]: 160.464063883
rest_[s]: 64.5924642086
total_time_of_programm_[s]: 380.025890827
