Voxels_with_mass: 1033
Number_v_bins: 101
number_species: 1
number_mass_classes: 1

Setup_time_model_[s]: 3.41156601906
loop_time_line_emisions_[s]: 66.2038571835
total_modul_time_line_emisions_[s]: 66.2853150368
total_radtransfer_[s]: 70.3600261211
rest_[s]: 11.9210269451
total_time_of_programm_[s]: 151.977934122
