Voxels_with_mass: 184
Number_v_bins: 101
number_species: 7
number_mass_classes: 3

Setup_time_model_[s]: 0.569065093994
loop_time_line_emisions_[s]: 409.157880068
total_modul_time_line_emisions_[s]: 411.279855967
total_radtransfer_[s]: 39.8087499142
rest_[s]: 14.2572431564
total_time_of_programm_[s]: 465.914914131
