Voxels_with_mass: 772
Number_v_bins: 101
number_species: 7
number_mass_classes: 3

Setup_time_model_[s]: 9.54203009605
loop_time_line_emisions_[s]: 1403.24355793
total_modul_time_line_emisions_[s]: 1404.75756192
total_radtransfer_[s]: 3817.86631107
rest_[s]: 61.5088438988
total_time_of_programm_[s]: 5293.67474699
