Voxels_with_mass: 1666
Number_v_bins: 101
number_species: 7
number_mass_classes: 3

Setup_time_model_[s]: 11.6049790382
loop_time_line_emisions_[s]: 3852.88896608
total_modul_time_line_emisions_[s]: 3854.476125
total_radtransfer_[s]: 4235.66356516
rest_[s]: 122.120835781
total_time_of_programm_[s]: 8223.86550498
