Voxels_with_mass: 409
Number_v_bins: 101
number_species: 13
number_mass_classes: 5

Setup_time_model_[s]: 3.08756804466
loop_time_line_emisions_[s]: 7236.23642302
total_modul_time_line_emisions_[s]: 6994.03863502
total_radtransfer_[s]: 1252.31020117
rest_[s]: 302.656185865
total_time_of_programm_[s]: 8552.09259009
