Voxels_with_mass: 1666
Number_v_bins: 101.0
number_species: 10
number_mass_classes: 2

Setup_time_model_[s]: 19.3847908974
loop_time_line_emisions_[s]: 1942.27767897
total_modul_time_line_emisions_[s]: 1943.33546185
total_radtransfer_[s]: 5718.03802705
rest_[s]: 182.624863148
total_time_of_programm_[s]: 7863.38314295
