Voxels_with_mass: 772
Number_v_bins: 101
number_species: 7
number_mass_classes: 3

Setup_time_model_[s]: 13.3470861912
loop_time_line_emisions_[s]: 1436.854388
total_modul_time_line_emisions_[s]: 1438.39814901
total_radtransfer_[s]: 4099.92625618
rest_[s]: 60.6883797646
total_time_of_programm_[s]: 5612.35987115
