Voxels_with_mass: 11817
Number_v_bins: 101.0
number_species: 1
number_mass_classes: 2

Setup_time_model_[s]: 550.123749018
loop_time_line_emisions_[s]: 1230.136199
total_modul_time_line_emisions_[s]: 1230.27755904
total_radtransfer_[s]: 35075.3933699
rest_[s]: 228.12997508
total_time_of_programm_[s]: 37083.9246531
