Voxels_with_mass: 26315
Number_v_bins: 101.0
number_species: 3
number_mass_classes: 1

Setup_time_model_[s]: 608.981758118
loop_time_line_emisions_[s]: 3211.43858981
total_modul_time_line_emisions_[s]: 3211.63920903
total_radtransfer_[s]: 108033.508275
rest_[s]: 879.529396772
total_time_of_programm_[s]: 112733.658639
