Voxels_with_mass: 1666
Number_v_bins: 101
number_species: 7
number_mass_classes: 3

Setup_time_model_[s]: 23.5111517906
loop_time_line_emisions_[s]: 6319.02250004
total_modul_time_line_emisions_[s]: 6321.7361691
total_radtransfer_[s]: 5020.25020003
rest_[s]: 201.44459486
total_time_of_programm_[s]: 11566.9421158
