Voxels_with_mass: 1666
Number_v_bins: 101
number_species: 7
number_mass_classes: 3

Setup_time_model_[s]: 14.4702780247
loop_time_line_emisions_[s]: 6224.71212292
total_modul_time_line_emisions_[s]: 6227.44783092
total_radtransfer_[s]: 4919.39472604
rest_[s]: 194.640992165
total_time_of_programm_[s]: 11355.9538271
