Voxels_with_mass: 772
Number_v_bins: 101
number_species: 7
number_mass_classes: 3

Setup_time_model_[s]: 12.2002539635
loop_time_line_emisions_[s]: 1472.15392208
total_modul_time_line_emisions_[s]: 1473.72764707
total_radtransfer_[s]: 4052.43660688
rest_[s]: 56.9889140129
total_time_of_programm_[s]: 5595.35342193
