Voxels_with_mass: 1033
Number_v_bins: 101.0
number_species: 3
number_mass_classes: 1

Setup_time_model_[s]: 7.61103105545
loop_time_line_emisions_[s]: 153.970659971
total_modul_time_line_emisions_[s]: 154.143470049
total_radtransfer_[s]: 213.429044008
rest_[s]: 34.9811029434
total_time_of_programm_[s]: 410.164648056
