Voxels_with_mass: 772
Number_v_bins: 101.0
number_species: 10
number_mass_classes: 2

Setup_time_model_[s]: 14.1849620342
loop_time_line_emisions_[s]: 771.936815023
total_modul_time_line_emisions_[s]: 773.119362831
total_radtransfer_[s]: 5566.42325521
rest_[s]: 84.9463670254
total_time_of_programm_[s]: 6438.6739471
