Voxels_with_mass: 409
Number_v_bins: 101
number_species: 1
number_mass_classes: 5

Setup_time_model_[s]: 4.57286095619
loop_time_line_emisions_[s]: 1078.4026649
total_modul_time_line_emisions_[s]: 1080.09937096
total_radtransfer_[s]: 77.5428438187
rest_[s]: 6.52117013931
total_time_of_programm_[s]: 1168.73624587
