Voxels_with_mass: 184
Number_v_bins: 101
number_species: 1
number_mass_classes: 2

Setup_time_model_[s]: 2.12046813965
loop_time_line_emisions_[s]: 25.0824580193
total_modul_time_line_emisions_[s]: 25.2296929359
total_radtransfer_[s]: 70.3150169849
rest_[s]: 705.661506891
total_time_of_programm_[s]: 803.326684952
