Voxels_with_mass: 184
Number_v_bins: 101
number_species: 13
number_mass_classes: 2

Setup_time_model_[s]: 3.76429104805
loop_time_line_emisions_[s]: 414.503136158
total_modul_time_line_emisions_[s]: 417.185084105
total_radtransfer_[s]: 2440.76126409
rest_[s]: 68.853651762
total_time_of_programm_[s]: 2930.564291
