Voxels_with_mass: 409
Number_v_bins: 101
number_species: 13
number_mass_classes: 3

Setup_time_model_[s]: 2.97540402412
loop_time_line_emisions_[s]: 1633.42045188
total_modul_time_line_emisions_[s]: 1375.46255088
total_radtransfer_[s]: 1051.04220295
rest_[s]: 315.961698055
total_time_of_programm_[s]: 2745.44185591
