Voxels_with_mass: 26315
Number_v_bins: 101
number_species: 1
number_mass_classes: 1

Setup_time_model_[s]: 574.769521952
loop_time_line_emisions_[s]: 1563.62427187
total_modul_time_line_emisions_[s]: 1563.76138282
total_radtransfer_[s]: 37343.0670528
rest_[s]: 314.21979332
total_time_of_programm_[s]: 39795.8177509
