Voxels_with_mass: 409
Number_v_bins: 101
number_species: 13
number_mass_classes: 3

Setup_time_model_[s]: 2.42365503311
loop_time_line_emisions_[s]: 1333.9520278
total_modul_time_line_emisions_[s]: 1095.76451397
total_radtransfer_[s]: 1091.45236683
rest_[s]: 297.282376289
total_time_of_programm_[s]: 2486.92291212
