Voxels_with_mass: 26315
Number_v_bins: 101.0
number_species: 1
number_mass_classes: 2

Setup_time_model_[s]: 6927.90324306
loop_time_line_emisions_[s]: 2818.22744799
total_modul_time_line_emisions_[s]: 2818.46237683
total_radtransfer_[s]: 35649.9378989
rest_[s]: 387.049037218
total_time_of_programm_[s]: 45783.352556
