Voxels_with_mass: 1033
Number_v_bins: 101
number_species: 1
number_mass_classes: 1

Setup_time_model_[s]: 3.40573000908
loop_time_line_emisions_[s]: 67.9311170578
total_modul_time_line_emisions_[s]: 68.0130319595
total_radtransfer_[s]: 72.9272918701
rest_[s]: 14.947327137
total_time_of_programm_[s]: 159.293380976
