Voxels_with_mass: 11817
Number_v_bins: 101
number_species: 1
number_mass_classes: 1

Setup_time_model_[s]: 579.879450083
loop_time_line_emisions_[s]: 696.540699959
total_modul_time_line_emisions_[s]: 696.653286934
total_radtransfer_[s]: 40737.3753669
rest_[s]: 144.771234035
total_time_of_programm_[s]: 42158.679338
