Voxels_with_mass: 1033
Number_v_bins: 101.0
number_species: 2
number_mass_classes: 1

Setup_time_model_[s]: 7.29015207291
loop_time_line_emisions_[s]: 109.284250975
total_modul_time_line_emisions_[s]: 109.409880877
total_radtransfer_[s]: 148.241823912
rest_[s]: 24.2851271629
total_time_of_programm_[s]: 289.226984024
