Voxels_with_mass: 409
Number_v_bins: 101
number_species: 7
number_mass_classes: 3

Setup_time_model_[s]: 1.18178009987
loop_time_line_emisions_[s]: 1241.45634604
total_modul_time_line_emisions_[s]: 1243.52116299
total_radtransfer_[s]: 38.4202618599
rest_[s]: 30.4664881229
total_time_of_programm_[s]: 1313.58969307
