Voxels_with_mass: 1033
Number_v_bins: 101
number_species: 1
number_mass_classes: 1

Setup_time_model_[s]: 3.38682413101
loop_time_line_emisions_[s]: 67.174271822
total_modul_time_line_emisions_[s]: 67.2551240921
total_radtransfer_[s]: 74.0557470322
rest_[s]: 12.6214447021
total_time_of_programm_[s]: 157.319139957
