Voxels_with_mass: 409
Number_v_bins: 101
number_species: 13
number_mass_classes: 3

Setup_time_model_[s]: 2.42277908325
loop_time_line_emisions_[s]: 1941.36935711
total_modul_time_line_emisions_[s]: 1582.14143109
total_radtransfer_[s]: 1158.15724015
rest_[s]: 438.649954557
total_time_of_programm_[s]: 3181.37140489
