Voxels_with_mass: 1666
Number_v_bins: 101
number_species: 7
number_mass_classes: 3

Setup_time_model_[s]: 14.6322169304
loop_time_line_emisions_[s]: 3793.44985104
total_modul_time_line_emisions_[s]: 3795.01748991
total_radtransfer_[s]: 4091.50181699
rest_[s]: 120.461476088
total_time_of_programm_[s]: 8021.61299992
