Voxels_with_mass: 184
Number_v_bins: 101.0
number_species: 2
number_mass_classes: 1

Setup_time_model_[s]: 43.2095041275
loop_time_line_emisions_[s]: 18.1850588322
total_modul_time_line_emisions_[s]: 18.3832790852
total_radtransfer_[s]: 141.068264961
rest_[s]: 9.66697001457
total_time_of_programm_[s]: 212.328018188
