Voxels_with_mass: 409
Number_v_bins: 101
number_species: 1
number_mass_classes: 5

Setup_time_model_[s]: 3.45042204857
loop_time_line_emisions_[s]: 1285.39737296
total_modul_time_line_emisions_[s]: 1236.18139696
total_radtransfer_[s]: 86.9616580009
rest_[s]: 72.6703381538
total_time_of_programm_[s]: 1399.26381516
