Voxels_with_mass: 772
Number_v_bins: 101
number_species: 7
number_mass_classes: 3

Setup_time_model_[s]: 25.7452509403
loop_time_line_emisions_[s]: 1435.92984891
total_modul_time_line_emisions_[s]: 1437.47995496
total_radtransfer_[s]: 3799.75330591
rest_[s]: 99.5960772038
total_time_of_programm_[s]: 5362.57458901
