Voxels_with_mass: 184
Number_v_bins: 101
number_species: 1
number_mass_classes: 5

Setup_time_model_[s]: 4.64055919647
loop_time_line_emisions_[s]: 34.1976659298
total_modul_time_line_emisions_[s]: 0.0724301338196
total_radtransfer_[s]: 130.836812973
rest_[s]: 40.2509427071
total_time_of_programm_[s]: 175.80074501
