Voxels_with_mass: 184
Number_v_bins: 101
number_species: 1
number_mass_classes: 5

Setup_time_model_[s]: 3.21376013756
loop_time_line_emisions_[s]: 405.169228077
total_modul_time_line_emisions_[s]: 406.999985218
total_radtransfer_[s]: 83.4028809071
rest_[s]: 4.04930877686
total_time_of_programm_[s]: 497.66593504
