Voxels_with_mass: 409
Number_v_bins: 101
number_species: 13
number_mass_classes: 5

Setup_time_model_[s]: 1.97429490089
loop_time_line_emisions_[s]: 218.380544901
total_modul_time_line_emisions_[s]: 0.188788890839
total_radtransfer_[s]: 2859.94761992
rest_[s]: 273.874286175
total_time_of_programm_[s]: 3135.98498988
