Voxels_with_mass: 1033
Number_v_bins: 101
number_species: 1
number_mass_classes: 1

Setup_time_model_[s]: 3.50207901001
loop_time_line_emisions_[s]: 69.3705339432
total_modul_time_line_emisions_[s]: 69.4521398544
total_radtransfer_[s]: 76.3888869286
rest_[s]: 12.3645312786
total_time_of_programm_[s]: 161.707637072
