Voxels_with_mass: 409
Number_v_bins: 101
number_species: 13
number_mass_classes: 3

Setup_time_model_[s]: 2.05675387383
loop_time_line_emisions_[s]: 1853.97945094
total_modul_time_line_emisions_[s]: 1483.43441796
total_radtransfer_[s]: 1322.53149986
rest_[s]: 467.246479273
total_time_of_programm_[s]: 3275.26915097
