Voxels_with_mass: 184
Number_v_bins: 101
number_species: 1
number_mass_classes: 5

Setup_time_model_[s]: 3.61977601051
loop_time_line_emisions_[s]: 401.802077055
total_modul_time_line_emisions_[s]: 383.445253134
total_radtransfer_[s]: 78.3622159958
rest_[s]: 22.6193349361
total_time_of_programm_[s]: 488.046580076
