Voxels_with_mass: 409
Number_v_bins: 101
number_species: 1
number_mass_classes: 5

Setup_time_model_[s]: 5.9738919735
loop_time_line_emisions_[s]: 82.369713068
total_modul_time_line_emisions_[s]: 0.0842189788818
total_radtransfer_[s]: 133.102930069
rest_[s]: 91.3768699169
total_time_of_programm_[s]: 230.537910938
