Voxels_with_mass: 184
Number_v_bins: 101
number_species: 13
number_mass_classes: 3

Setup_time_model_[s]: 2.3703520298
loop_time_line_emisions_[s]: 713.512412786
total_modul_time_line_emisions_[s]: 565.092951059
total_radtransfer_[s]: 1532.09045815
rest_[s]: 191.299964905
total_time_of_programm_[s]: 2290.85372615
