Voxels_with_mass: 184
Number_v_bins: 101
number_species: 13
number_mass_classes: 5

Setup_time_model_[s]: 1.69958400726
loop_time_line_emisions_[s]: 114.10412097
total_modul_time_line_emisions_[s]: 0.262531995773
total_radtransfer_[s]: 2703.20296693
rest_[s]: 162.504605055
total_time_of_programm_[s]: 2867.66968799
