Voxels_with_mass: 26315
Number_v_bins: 101.0
number_species: 3
number_mass_classes: 2

Setup_time_model_[s]: 542.949609995
loop_time_line_emisions_[s]: 7486.15204287
total_modul_time_line_emisions_[s]: 7486.56361389
total_radtransfer_[s]: 159540.683211
rest_[s]: 843.850351095
total_time_of_programm_[s]: 168414.046786
