Voxels_with_mass: 1666
Number_v_bins: 101.0
number_species: 10
number_mass_classes: 1

Setup_time_model_[s]: 43.1281518936
loop_time_line_emisions_[s]: 734.558095932
total_modul_time_line_emisions_[s]: 735.080662966
total_radtransfer_[s]: 5860.20220518
rest_[s]: 187.456794977
total_time_of_programm_[s]: 6825.86781502
