Voxels_with_mass: 772
Number_v_bins: 101
number_species: 7
number_mass_classes: 3

Setup_time_model_[s]: 2.51113080978
loop_time_line_emisions_[s]: 4551.73681092
total_modul_time_line_emisions_[s]: 4557.791785
total_radtransfer_[s]: 1026.80436492
rest_[s]: 222.098156214
total_time_of_programm_[s]: 5809.20543694
