Voxels_with_mass: 409
Number_v_bins: 101
number_species: 1
number_mass_classes: 5

Setup_time_model_[s]: 4.68308901787
loop_time_line_emisions_[s]: 1131.2952621
total_modul_time_line_emisions_[s]: 1133.12750101
total_radtransfer_[s]: 79.8032081127
rest_[s]: 6.6907889843
total_time_of_programm_[s]: 1224.30458713
