Voxels_with_mass: 1033
Number_v_bins: 101
number_species: 1
number_mass_classes: 1

Setup_time_model_[s]: 3.35135197639
loop_time_line_emisions_[s]: 66.9877438545
total_modul_time_line_emisions_[s]: 67.0686721802
total_radtransfer_[s]: 71.5699748993
rest_[s]: 11.5834560394
total_time_of_programm_[s]: 153.573455095
