Voxels_with_mass: 1666
Number_v_bins: 101
number_species: 7
number_mass_classes: 3

Setup_time_model_[s]: 13.7031469345
loop_time_line_emisions_[s]: 3597.97210717
total_modul_time_line_emisions_[s]: 3599.46610212
total_radtransfer_[s]: 4110.82050109
rest_[s]: 120.829639912
total_time_of_programm_[s]: 7844.81939006
