Voxels_with_mass: 2993
Number_v_bins: 101
number_species: 15
number_mass_classes: 5

Setup_time_model_[s]: 65.8160099983
loop_time_line_emisions_[s]: 40024.468569
total_modul_time_line_emisions_[s]: 40036.259563
total_radtransfer_[s]: 66219.7624722
rest_[s]: 476.205937862
total_time_of_programm_[s]: 106798.043983
