Voxels_with_mass: 409
Number_v_bins: 101
number_species: 1
number_mass_classes: 1

Setup_time_model_[s]: 1.18241906166
loop_time_line_emisions_[s]: 21.6223731041
total_modul_time_line_emisions_[s]: 21.692512989
total_radtransfer_[s]: 6.62899684906
rest_[s]: 7.17915821075
total_time_of_programm_[s]: 36.6830871105
