Voxels_with_mass: 184
Number_v_bins: 101
number_species: 1
number_mass_classes: 1

Setup_time_model_[s]: 1.46496987343
loop_time_line_emisions_[s]: 7.79096603394
total_modul_time_line_emisions_[s]: 7.86176300049
total_radtransfer_[s]: 64.6059508324
rest_[s]: 4.62567210197
total_time_of_programm_[s]: 78.5583558083
