Voxels_with_mass: 2993
Number_v_bins: 101
number_species: 15
number_mass_classes: 5

Setup_time_model_[s]: 66.0964169502
loop_time_line_emisions_[s]: 55134.359199
total_modul_time_line_emisions_[s]: 55151.625066
total_radtransfer_[s]: 98858.1684501
rest_[s]: 694.968639851
total_time_of_programm_[s]: 154770.858573
