Voxels_with_mass: 2993
Number_v_bins: 101
number_species: 1
number_mass_classes: 1

Setup_time_model_[s]: 11.3048257828
loop_time_line_emisions_[s]: 109.69439292
total_modul_time_line_emisions_[s]: 109.761074066
total_radtransfer_[s]: 262.567502022
rest_[s]: 43.0675489902
total_time_of_programm_[s]: 426.700950861
