Voxels_with_mass: 772
Number_v_bins: 101
number_species: 15
number_mass_classes: 5

Setup_time_model_[s]: 23.9886209965
loop_time_line_emisions_[s]: 22678.460928
total_modul_time_line_emisions_[s]: 22701.5400779
total_radtransfer_[s]: 16299.6766169
rest_[s]: 241.412508011
total_time_of_programm_[s]: 39266.6178238
