Voxels_with_mass: 184
Number_v_bins: 101
number_species: 1
number_mass_classes: 1

Setup_time_model_[s]: 1.52016305923
loop_time_line_emisions_[s]: 8.12857317924
total_modul_time_line_emisions_[s]: 8.20083498955
total_radtransfer_[s]: 67.9590938091
rest_[s]: 8.95999121666
total_time_of_programm_[s]: 86.6400830746
