Voxels_with_mass: 409
Number_v_bins: 101
number_species: 1
number_mass_classes: 1

Setup_time_model_[s]: 3.42552304268
loop_time_line_emisions_[s]: 21.8470048904
total_modul_time_line_emisions_[s]: 21.9167261124
total_radtransfer_[s]: 5.38150119781
rest_[s]: 6.98167967796
total_time_of_programm_[s]: 37.7054300308
