Voxels_with_mass: 1033
Number_v_bins: 101
number_species: 15
number_mass_classes: 5

Setup_time_model_[s]: 3.6648349762
loop_time_line_emisions_[s]: 19555.2146671
total_modul_time_line_emisions_[s]: 18868.318248
total_radtransfer_[s]: 1532.13134694
rest_[s]: 839.599952936
total_time_of_programm_[s]: 21243.7143829
