Voxels_with_mass: 772
Number_v_bins: 101
number_species: 15
number_mass_classes: 5

Setup_time_model_[s]: 9.67647194862
loop_time_line_emisions_[s]: 23383.3350358
total_modul_time_line_emisions_[s]: 23407.8317199
total_radtransfer_[s]: 16120.2506082
rest_[s]: 247.744943857
total_time_of_programm_[s]: 39785.5037439
