Voxels_with_mass: 2993
Number_v_bins: 101
number_species: 15
number_mass_classes: 5

Setup_time_model_[s]: 114.214893818
loop_time_line_emisions_[s]: 59815.701112
total_modul_time_line_emisions_[s]: 59833.0505111
total_radtransfer_[s]: 96830.2431362
rest_[s]: 672.093062878
total_time_of_programm_[s]: 157449.601604
