Voxels_with_mass: 184
Number_v_bins: 101
number_species: 15
number_mass_classes: 4

Setup_time_model_[s]: 3.70499110222
loop_time_line_emisions_[s]: 1311.72556615
total_modul_time_line_emisions_[s]: 1318.35713315
total_radtransfer_[s]: 1038.31114602
rest_[s]: 30.639456749
total_time_of_programm_[s]: 2391.01272702
