Voxels_with_mass: 772
Number_v_bins: 101
number_species: 15
number_mass_classes: 5

Setup_time_model_[s]: 16.0238769054
loop_time_line_emisions_[s]: 22735.017765
total_modul_time_line_emisions_[s]: 22757.8920529
total_radtransfer_[s]: 16294.0127571
rest_[s]: 254.966103077
total_time_of_programm_[s]: 39322.8947899
