Voxels_with_mass: 2993
Number_v_bins: 101
number_species: 15
number_mass_classes: 5

Setup_time_model_[s]: 76.2973380089
loop_time_line_emisions_[s]: 60404.1357281
total_modul_time_line_emisions_[s]: 60422.0348001
total_radtransfer_[s]: 97920.6566811
rest_[s]: 667.902151823
total_time_of_programm_[s]: 159086.890971
