Voxels_with_mass: 26315
Number_v_bins: 101
number_species: 22
number_mass_classes: 1

Setup_time_model_[s]: 112.163545132
loop_time_line_emisions_[s]: 25281.630542
total_modul_time_line_emisions_[s]: 10966.744983
total_radtransfer_[s]: 62950.7744389
rest_[s]: 20022.791357
total_time_of_programm_[s]: 94052.474324
