Voxels_with_mass: 184
Number_v_bins: 101
number_species: 1
number_mass_classes: 1

Setup_time_model_[s]: 2.66604685783
loop_time_line_emisions_[s]: 7.81159710884
total_modul_time_line_emisions_[s]: 7.88239502907
total_radtransfer_[s]: 5.38287901878
rest_[s]: 5.10322999954
total_time_of_programm_[s]: 21.0345509052
