Voxels_with_mass: 184
Number_v_bins: 101
number_species: 1
number_mass_classes: 1

Setup_time_model_[s]: 2.725949049
loop_time_line_emisions_[s]: 7.83346104622
total_modul_time_line_emisions_[s]: 7.90427398682
total_radtransfer_[s]: 5.31135487556
rest_[s]: 4.78060626984
total_time_of_programm_[s]: 20.7221841812
