Voxels_with_mass: 109
Number_v_bins: 51
number_species: 3
number_mass_classes: 2

Setup_time_model_[s]: 0.4572479724884033
loop_time_line_emisions_[s]: -0.042111873626708984
total_modul_time_line_emisions_[s]: 31.74718952178955
total_radtransfer_[s]: 26.9959499835968
rest_[s]: 15.288384437561035
total_time_of_programm_[s]: 74.48877191543579
