Voxels_with_mass: 109
Number_v_bins: 51
number_species: 3
number_mass_classes: 2

Setup_time_model_[s]: 0.5027737617492676
loop_time_line_emisions_[s]: -0.04163098335266113
total_modul_time_line_emisions_[s]: 24.929102897644043
total_radtransfer_[s]: 4.476259469985962
rest_[s]: 15.454833030700684
total_time_of_programm_[s]: 45.362969160079956
