Voxels_with_mass: 109
Number_v_bins: 51
number_species: 3
number_mass_classes: 2

Setup_time_model_[s]: 0.47638487815856934
loop_time_line_emisions_[s]: -0.03921651840209961
total_modul_time_line_emisions_[s]: 24.287870168685913
total_radtransfer_[s]: 94.77169489860535
rest_[s]: 15.223896265029907
total_time_of_programm_[s]: 134.75984621047974
