Voxels_with_mass: 109
Number_v_bins: 51
number_species: 3
number_mass_classes: 2

Setup_time_model_[s]: 0.4847862720489502
loop_time_line_emisions_[s]: -0.03904557228088379
total_modul_time_line_emisions_[s]: 24.065667152404785
total_radtransfer_[s]: 20.982674837112427
rest_[s]: 15.311193943023682
total_time_of_programm_[s]: 60.844322204589844
