Voxels_with_mass: 409
Number_v_bins: 101
number_species: 22
number_mass_classes: 1

Setup_time_model_[s]: 6.518968820571899
loop_time_line_emisions_[s]: 457.8964159488678
total_modul_time_line_emisions_[s]: 209.6644206047058
total_radtransfer_[s]: 189.53332352638245
rest_[s]: 368.2945203781128
total_time_of_programm_[s]: 774.011233329773
