Voxels_with_mass: 2010
Number_v_bins: 101
number_species: 3
number_mass_classes: 2

Setup_time_model_[s]: 4.780210733413696
loop_time_line_emisions_[s]: -0.14367175102233887
total_modul_time_line_emisions_[s]: 712.3040199279785
total_radtransfer_[s]: 15.05802583694458
rest_[s]: 399.36173462867737
total_time_of_programm_[s]: 1131.5039911270142
