Voxels_with_mass: 4049
Number_v_bins: 200.0
number_species: 1
number_mass_classes: 1

Setup_time_model_[s]: 20.5207688808
loop_time_line_emisions_[s]: 951.379148006
total_modul_time_line_emisions_[s]: 454.156618118
total_radtransfer_[s]: 1336.98098302
rest_[s]: 580.98680377
total_time_of_programm_[s]: 2392.64517379
