Voxels_with_mass: 249
Number_v_bins: 200.0
number_species: 1
number_mass_classes: 1

Setup_time_model_[s]: 3.80132293701
loop_time_line_emisions_[s]: 57.463162899
total_modul_time_line_emisions_[s]: 27.5338881016
total_radtransfer_[s]: 36.3330171108
rest_[s]: 38.0780479908
total_time_of_programm_[s]: 105.74627614
