Voxels_with_mass: 1005
Number_v_bins: 101.0
number_species: 1
number_mass_classes: 1

Setup_time_model_[s]: 8.482380867
loop_time_line_emisions_[s]: 128.213500023
total_modul_time_line_emisions_[s]: 60.6283960342
total_radtransfer_[s]: 108.575330973
rest_[s]: 82.5565230846
total_time_of_programm_[s]: 260.242630959
