Voxels_with_mass: 1
Number_v_bins: 21.0
number_species: 1
number_mass_classes: 1

Setup_time_model_[s]: 13.7289891243
loop_time_line_emisions_[s]: 0.0726699829102
total_modul_time_line_emisions_[s]: 0.0719969272614
total_radtransfer_[s]: 15.8590619564
rest_[s]: 3.63408899307
total_time_of_programm_[s]: 33.294137001
