Voxels_with_mass: 3015
Number_v_bins: 201.0
number_species: 1
number_mass_classes: 1

Setup_time_model_[s]: 8.51476502419
loop_time_line_emisions_[s]: 384.595604897
total_modul_time_line_emisions_[s]: 384.731442928
total_radtransfer_[s]: 307.828609943
rest_[s]: 60.9693572521
total_time_of_programm_[s]: 762.044175148
