Voxels_with_mass: 1
Number_v_bins: 21.0
number_species: 1
number_mass_classes: 1

Setup_time_model_[s]: 39.3784210682
loop_time_line_emisions_[s]: 0.101337194443
total_modul_time_line_emisions_[s]: 0.125384092331
total_radtransfer_[s]: 15.9816439152
rest_[s]: 6.37328886986
total_time_of_programm_[s]: 61.8587379456
