Voxels_with_mass: 794
Number_v_bins: 101.0
number_species: 9
number_mass_classes: 1

Setup_time_model_[s]: 9.06549096107
loop_time_line_emisions_[s]: 720.384677887
total_modul_time_line_emisions_[s]: 335.541226149
total_radtransfer_[s]: 895.716392994
rest_[s]: 461.35458684
total_time_of_programm_[s]: 1701.67769694
