Voxels_with_mass: 327
Number_v_bins: 401.0
number_species: 3

Setup_time_model_[s]: 1.69463682175
loop_time_line_emisions_[s]: 385.123388052
total_modul_time_line_emisions_[s]: 386.396714926
total_radtransfer_[s]: 879.304891825
rest_[s]: 36.4719483852
total_time_of_programm_[s]: 1303.86819196
