Voxels_with_mass: 1005
Number_v_bins: 40.0
number_species: 8
number_mass_classes: 1

Setup_time_model_[s]: 45.7405881882
loop_time_line_emisions_[s]: 1105.54045105
total_modul_time_line_emisions_[s]: 543.576250076
total_radtransfer_[s]: 378.525867939
rest_[s]: 603.43935585
total_time_of_programm_[s]: 1571.28206205
