Voxels_with_mass: 1005
Number_v_bins: 21.0
number_species: 1
number_mass_classes: 1

Setup_time_model_[s]: 19.8438329697
loop_time_line_emisions_[s]: 54.0831289291
total_modul_time_line_emisions_[s]: 54.1529197693
total_radtransfer_[s]: 25.8139870167
rest_[s]: 11.5937151909
total_time_of_programm_[s]: 111.404454947
