Voxels_with_mass: 327
Number_v_bins: 401.0
number_species: 1
number_mass_classes: 2

Setup_time_model_[s]: 0.433558940887
loop_time_line_emisions_[s]: 1161.95785594
total_modul_time_line_emisions_[s]: 1165.24699211
total_radtransfer_[s]: 61.6830360889
rest_[s]: 12.8716797829
total_time_of_programm_[s]: 1240.23526692
