Voxels_with_mass: 1
Number_v_bins: 21.0
number_species: 1
number_mass_classes: 1

Setup_time_model_[s]: 12.8551280499
loop_time_line_emisions_[s]: 0.0726828575134
total_modul_time_line_emisions_[s]: 0.0722000598907
total_radtransfer_[s]: 16.5666329861
rest_[s]: 3.49361085892
total_time_of_programm_[s]: 32.9875719547
