Voxels_with_mass: 327
Number_v_bins: 21.0
number_species: 1
number_mass_classes: 1

Setup_time_model_[s]: 0.5317029953
loop_time_line_emisions_[s]: 16.8126101494
total_modul_time_line_emisions_[s]: 16.8487820625
total_radtransfer_[s]: 4.10138201714
rest_[s]: 1.06094193459
total_time_of_programm_[s]: 22.5428090096
