Voxels_with_mass: 9
Number_v_bins: 21.0
number_species: 1
number_mass_classes: 3

Setup_time_model_[s]: 7.07368588448
loop_time_line_emisions_[s]: 1.69708895683
total_modul_time_line_emisions_[s]: 1.92193484306
total_radtransfer_[s]: 16.1158809662
rest_[s]: 3.52786231041
total_time_of_programm_[s]: 28.6393640041
