Voxels_with_mass: 889
Number_v_bins: 21.0
number_species: 1
number_mass_classes: 1

Setup_time_model_[s]: 26.897840023
loop_time_line_emisions_[s]: 47.8733651638
total_modul_time_line_emisions_[s]: 47.9413998127
total_radtransfer_[s]: 24.5363440514
rest_[s]: 6.86161017418
total_time_of_programm_[s]: 106.237194061
