Voxels_with_mass: 794
Number_v_bins: 101.0
number_species: 1
number_mass_classes: 1

Setup_time_model_[s]: 7.48768496513
loop_time_line_emisions_[s]: 100.807544947
total_modul_time_line_emisions_[s]: 48.8170390129
total_radtransfer_[s]: 100.513890982
rest_[s]: 63.3223469257
total_time_of_programm_[s]: 220.140961885
