Voxels_with_mass: 794
Number_v_bins: 101.0
number_species: 1
number_mass_classes: 1

Setup_time_model_[s]: 6.75764203072
loop_time_line_emisions_[s]: 102.059113979
total_modul_time_line_emisions_[s]: 48.0456409454
total_radtransfer_[s]: 100.414574862
rest_[s]: 64.9872040749
total_time_of_programm_[s]: 220.205061913
