Voxels_with_mass: 794
Number_v_bins: 101.0
number_species: 1
number_mass_classes: 1

Setup_time_model_[s]: 6.90833997726
loop_time_line_emisions_[s]: 99.2371590137
total_modul_time_line_emisions_[s]: 47.8130021095
total_radtransfer_[s]: 99.542580843
rest_[s]: 62.1673779488
total_time_of_programm_[s]: 216.431300879
