Voxels_with_mass: 1119
Number_v_bins: 401.0
number_species: 1

Setup_time_model_[s]: 1.06840109825
loop_time_line_emisions_[s]: 2591.50937104
total_modul_time_line_emisions_[s]: 2593.58825922
total_radtransfer_[s]: 194.21779418
rest_[s]: 42.3542075157
total_time_of_programm_[s]: 2831.22866201
