Voxels_with_mass: 211
Number_v_bins: 200.0
number_species: 1
number_mass_classes: 1

Setup_time_model_[s]: 15.5689530373
loop_time_line_emisions_[s]: 48.1637039185
total_modul_time_line_emisions_[s]: 23.3681628704
total_radtransfer_[s]: 143.585042
rest_[s]: 49.6483931541
total_time_of_programm_[s]: 232.170551062
