Voxels_with_mass: 75
Number_v_bins: 401.0
number_species: 3

Setup_time_model_[s]: 0.468966960907
loop_time_line_emisions_[s]: 83.2080879211
total_modul_time_line_emisions_[s]: 84.4327778816
total_radtransfer_[s]: 163.126837969
rest_[s]: 8.90755724907
total_time_of_programm_[s]: 256.93614006
