Voxels_with_mass: 794
Number_v_bins: 101.0
number_species: 1
number_mass_classes: 1

Setup_time_model_[s]: 5.02411103249
loop_time_line_emisions_[s]: 315.067975044
total_modul_time_line_emisions_[s]: 155.636498928
total_radtransfer_[s]: 103.593570948
rest_[s]: 171.668850899
total_time_of_programm_[s]: 435.923031807
