Voxels_with_mass: 794
Number_v_bins: 200.0
number_species: 8
number_mass_classes: 1

Setup_time_model_[s]: 9.84770798683
loop_time_line_emisions_[s]: 1177.06621599
total_modul_time_line_emisions_[s]: 556.146034002
total_radtransfer_[s]: 1512.12789917
rest_[s]: 745.741357803
total_time_of_programm_[s]: 2823.86299896
