Voxels_with_mass: 1
Number_v_bins: 21.0
number_species: 1
number_mass_classes: 1

Setup_time_model_[s]: 12.4418101311
loop_time_line_emisions_[s]: 0.0697550773621
total_modul_time_line_emisions_[s]: 0.0679430961609
total_radtransfer_[s]: 16.5015978813
rest_[s]: 3.90620803833
total_time_of_programm_[s]: 32.9175591469
