Voxels_with_mass: 75
Number_v_bins: 401.0
number_species: 2

Setup_time_model_[s]: 0.468725204468
loop_time_line_emisions_[s]: 56.907656908
total_modul_time_line_emisions_[s]: 57.7478969097
total_radtransfer_[s]: 114.875311852
rest_[s]: 6.1401822567
total_time_of_programm_[s]: 179.232116222
