Voxels_with_mass: 3015
Number_v_bins: 401.0
number_species: 3

Setup_time_model_[s]: 3.56732201576
loop_time_line_emisions_[s]: 3198.85047817
total_modul_time_line_emisions_[s]: 3199.84116888
total_radtransfer_[s]: 1473.05562806
rest_[s]: 339.041803122
total_time_of_programm_[s]: 5015.50592208
