Voxels_with_mass: 327
Number_v_bins: 201.0
number_species: 1
number_mass_classes: 1

Setup_time_model_[s]: 0.536921024323
loop_time_line_emisions_[s]: 44.4047808647
total_modul_time_line_emisions_[s]: 44.548732996
total_radtransfer_[s]: 39.809401989
rest_[s]: 7.29199790955
total_time_of_programm_[s]: 92.1870539188
