Voxels_with_mass: 1119
Number_v_bins: 401.0
number_species: 1

Setup_time_model_[s]: 1.12055516243
loop_time_line_emisions_[s]: 466.840852976
total_modul_time_line_emisions_[s]: 467.248179913
total_radtransfer_[s]: 200.131371021
rest_[s]: 43.1738450527
total_time_of_programm_[s]: 711.673951149
