Voxels_with_mass: 211
Number_v_bins: 200.0
number_species: 8
number_mass_classes: 1

Setup_time_model_[s]: 7.05575919151
loop_time_line_emisions_[s]: 317.603398085
total_modul_time_line_emisions_[s]: 152.888657093
total_radtransfer_[s]: 1175.41977
rest_[s]: 203.014921904
total_time_of_programm_[s]: 1538.37910819
