Voxels_with_mass: 9
Number_v_bins: 21.0
number_species: 1
number_mass_classes: 3

Setup_time_model_[s]: 7.03517985344
loop_time_line_emisions_[s]: 1.67947983742
total_modul_time_line_emisions_[s]: 1.90322494507
total_radtransfer_[s]: 16.2858738899
rest_[s]: 4.70138335228
total_time_of_programm_[s]: 29.9256620407
