Voxels_with_mass: 27
Number_v_bins: 200.0
number_species: 9
number_mass_classes: 1

Setup_time_model_[s]: 0.187204122543
loop_time_line_emisions_[s]: 43.6110050678
total_modul_time_line_emisions_[s]: 21.0594370365
total_radtransfer_[s]: 19.864718914
rest_[s]: 34.4601559639
total_time_of_programm_[s]: 75.571516037
