Voxels_with_mass: 249
Number_v_bins: 201.0
number_species: 1
number_mass_classes: 1

Setup_time_model_[s]: 3.53606581688
loop_time_line_emisions_[s]: 57.8876900673
total_modul_time_line_emisions_[s]: 27.5760290623
total_radtransfer_[s]: 37.2654409409
rest_[s]: 38.7237091064
total_time_of_programm_[s]: 107.101244926
