Voxels_with_mass: 520
Number_v_bins: 201.0
number_species: 1
number_mass_classes: 1

Setup_time_model_[s]: 4.71321392059
loop_time_line_emisions_[s]: 762.444847107
total_modul_time_line_emisions_[s]: 378.218696833
total_radtransfer_[s]: 167.247040987
rest_[s]: 398.132350206
total_time_of_programm_[s]: 948.311301947
