Voxels_with_mass: 3015
Number_v_bins: 201.0
number_species: 1
number_mass_classes: 1

Setup_time_model_[s]: 6.57977604866
loop_time_line_emisions_[s]: 395.87304306
total_modul_time_line_emisions_[s]: 396.012720108
total_radtransfer_[s]: 315.449227095
rest_[s]: 61.7315297127
total_time_of_programm_[s]: 779.773252964
