Voxels_with_mass: 1119
Number_v_bins: 401.0
number_species: 3

Setup_time_model_[s]: 1.10804605484
loop_time_line_emisions_[s]: 1282.40982485
total_modul_time_line_emisions_[s]: 1283.50619388
total_radtransfer_[s]: 586.251495123
rest_[s]: 122.041087866
total_time_of_programm_[s]: 1992.90682292
