Voxels_with_mass: 794
Number_v_bins: 400.0
number_species: 8
number_mass_classes: 1

Setup_time_model_[s]: 11.018034935
loop_time_line_emisions_[s]: 3926.00814295
total_modul_time_line_emisions_[s]: 1913.7906251
total_radtransfer_[s]: 2979.8074131
rest_[s]: 2254.18902493
total_time_of_programm_[s]: 7158.80509806
