Voxels_with_mass: 27
Number_v_bins: 200.0
number_species: 1
number_mass_classes: 1

Setup_time_model_[s]: 0.187334060669
loop_time_line_emisions_[s]: 6.20180511475
total_modul_time_line_emisions_[s]: 3.03560090065
total_radtransfer_[s]: 2.21149611473
rest_[s]: 6.54529690742
total_time_of_programm_[s]: 11.9797279835
