Voxels_with_mass: 3015
Number_v_bins: 201.0
number_species: 1
number_mass_classes: 1

Setup_time_model_[s]: 11.5502729416
loop_time_line_emisions_[s]: 389.749377966
total_modul_time_line_emisions_[s]: 389.885386944
total_radtransfer_[s]: 312.297693968
rest_[s]: 60.9347250462
total_time_of_programm_[s]: 774.668078899
