Voxels_with_mass: 794
Number_v_bins: 101.0
number_species: 1
number_mass_classes: 1

Setup_time_model_[s]: 7.89197206497
loop_time_line_emisions_[s]: 99.0316779613
total_modul_time_line_emisions_[s]: 47.1898491383
total_radtransfer_[s]: 98.731137991
rest_[s]: 62.8555779457
total_time_of_programm_[s]: 216.66853714
