Voxels_with_mass: 794
Number_v_bins: 101.0
number_species: 1
number_mass_classes: 1

Setup_time_model_[s]: 8.88898897171
loop_time_line_emisions_[s]: 103.96272397
total_modul_time_line_emisions_[s]: 49.6249299049
total_radtransfer_[s]: 104.448396921
rest_[s]: 66.6773200035
total_time_of_programm_[s]: 229.639635801
