Voxels_with_mass: 327
Number_v_bins: 401.0
number_species: 1

Setup_time_model_[s]: 0.611971139908
loop_time_line_emisions_[s]: 133.085388899
total_modul_time_line_emisions_[s]: 133.527225018
total_radtransfer_[s]: 90.6441450119
rest_[s]: 13.5146949291
total_time_of_programm_[s]: 238.298036098
