Voxels_with_mass: 75
Number_v_bins: 401.0
number_species: 1

Setup_time_model_[s]: 0.282773017883
loop_time_line_emisions_[s]: 30.1847190857
total_modul_time_line_emisions_[s]: 30.6348719597
total_radtransfer_[s]: 18.8177340031
rest_[s]: 4.07995510101
total_time_of_programm_[s]: 53.8153340816
