Voxels_with_mass: 794
Number_v_bins: 101.0
number_species: 1
number_mass_classes: 1

Setup_time_model_[s]: 7.93119692802
loop_time_line_emisions_[s]: 101.292481899
total_modul_time_line_emisions_[s]: 48.6494758129
total_radtransfer_[s]: 100.523304939
rest_[s]: 63.75857234
total_time_of_programm_[s]: 220.86255002
