Voxels_with_mass: 794
Number_v_bins: 101.0
number_species: 1
number_mass_classes: 1

Setup_time_model_[s]: 7.69728708267
loop_time_line_emisions_[s]: 101.369274855
total_modul_time_line_emisions_[s]: 48.3251879215
total_radtransfer_[s]: 98.9645950794
rest_[s]: 63.8195519447
total_time_of_programm_[s]: 218.806622028
