Voxels_with_mass: 327
Number_v_bins: 401.0
number_species: 2

Setup_time_model_[s]: 0.60725402832
loop_time_line_emisions_[s]: 259.956917048
total_modul_time_line_emisions_[s]: 260.786411047
total_radtransfer_[s]: 184.868314028
rest_[s]: 24.6396930218
total_time_of_programm_[s]: 470.901672125
