Voxels_with_mass: 3166
Number_v_bins: 101.0
number_species: 1
number_mass_classes: 1

Setup_time_model_[s]: 42.2032399178
loop_time_line_emisions_[s]: 343.748157978
total_modul_time_line_emisions_[s]: 160.611066103
total_radtransfer_[s]: 624.174169064
rest_[s]: 218.486031771
total_time_of_programm_[s]: 1045.47450686
